0.000058
0.019866
0.000112
0.000060
0.000060
0.000060
0.001145
0.000112
0.000075
0.000722
0.000060
0.000347
0.000062
0.000388
0.000105
0.001310
0.000071
0.000418
0.000988
0.001553
0.000966
0.000060
0.000094
0.000241
0.000060
0.000749
0.005985
0.005568
0.004382
0.001551
0.001129
0.001575
0.002007
0.001304
0.001081
0.002074
0.009281
0.008605
0.002170
0.003523
0.002135
0.002659
0.007160
0.002481
0.001205
0.002221
0.000763
0.001264
0.000749
0.000749
0.000058
0.008021
0.000848
0.000707
0.000681
0.000657
0.000670
0.000682
0.000678
0.000635
0.008060
0.000186
0.000660
0.000490
0.000534
0.000491
0.000475
0.000609
0.000676
0.000857
0.000766
0.000762
0.003316
0.000938
0.000569
0.000641
0.000234
0.000632
0.000433
0.002150
0.003090
0.001251
0.000957
0.001199
0.001004
0.000635
0.000790
0.001004
0.000665
0.001038
0.001038
0.001087
0.000689
0.000060
0.000060
0.000060
0.000060
0.000060
0.000060
0.000060
0.000060
0.000103
0.000060
0.000060
0.000060
0.001188
0.000515
0.000319
0.000259
0.000259
0.000701
0.000795
0.000379
0.000263
0.000444
0.000577
0.000308
0.000616
0.001474
0.000651
0.000600
0.000651
0.001037
0.000850
0.000854
0.000867
0.000279
0.000279
0.000266
0.000255
0.000220
0.003227
0.000150
0.000140
0.000161
0.000173
0.000186
0.000316
0.000097
0.000106
0.000092
0.000204
0.000244
0.000130
0.000383
0.000092
0.000092
0.000466
0.000111
0.000147
0.000153
0.000090
0.000144
0.000066
0.000303
0.000146
0.000312
0.000463
0.000312
0.000390
0.000334
0.000312
0.000303
0.000244
0.000303
0.000333
0.000303
0.000227
0.000227
0.000227
0.000227
0.000227
0.000220
0.000450
0.000515
0.000519
0.000464
0.000104
0.000225
0.000170
0.000170
0.000122
0.000166
0.000182
0.000166
0.000170
0.000173
0.000166
0.000188
0.000084
0.000107
0.000210
0.001235
0.000374
0.000514
0.000466
0.000348
0.000431
0.000464
0.001023
0.000773
0.000791
0.000314
0.000414
0.000410
0.000294
0.000127
0.000136
0.000227
0.000197
0.000135
0.001158
0.000920
0.000972
0.000961
0.000917
0.001193
0.000602
0.000161
0.000169
0.000407
0.000407
0.000062
0.000835
0.000114
0.000133
0.000110
0.000114
0.000204
0.000114
0.000165
0.000131
0.000131
0.000131
0.000196
0.000207
0.000131
0.000131
0.000131
0.000327
0.000140
0.000237
0.000131
0.000180
0.000180
0.000174
0.000131
0.000817
0.000398
0.000171
0.000177
0.000306
0.000137
0.000175
0.000204
0.000191
0.000235
0.000464
0.000464
0.000464
0.000127
0.000155
0.000111
0.000151
0.000121
0.000116
0.000144
0.000155
0.000111
0.000124
0.000107
0.000153
0.000115
0.000112
0.000140
0.000132
0.000124
0.000136
0.000115
0.000699
0.000116
0.000132
0.000116
0.000124
0.000116
0.000111
0.000111
0.000125
0.000116
0.000119
0.000142
0.000127
0.000120
0.000140
0.000141
0.000140
0.000144
0.000144
0.000140
0.000277
0.000140
0.000231
0.000422
0.000067
0.000101
0.000143
0.000111
0.000067
0.000329
0.000275
0.000276
0.000286
0.000275
0.000275
0.000275
0.000275
0.000275
0.000275
0.000275
0.000342
0.000097
0.000097
0.000097
0.000105
0.000074
0.000074
0.000074
0.000074
0.000074
0.000074
0.000095
0.000100
0.000062
0.000118
0.000118
0.000118
0.000376
0.000376
0.000376
0.000114
0.000188
0.000062
0.000062
0.000149
0.000060
0.000064
0.000064
0.000067
0.000064
0.000110
0.000063
0.000060
0.000060
0.000060
0.000060
0.000730
0.000678
0.000211
0.000301
0.000211
0.000211
0.000462
0.000081
0.000081
0.000095
0.000081
0.000081
0.000081
0.000665
0.000075
0.000118
0.000074
0.000074
0.000072
0.000072
0.000074
0.000084
0.000074
0.000074
0.000060
0.000060
0.000082
0.000082
0.000105
0.000105
0.000105
0.000166
0.000084
0.000174
0.000087
0.001563
0.000079
0.000079
0.000079
0.000079
0.000087
0.000079
0.000079
0.000113
0.000079
0.000074
0.000079
0.000079
0.000087
0.000079
0.000087
0.000074
0.000074
0.000087
0.000087
0.000087
0.000087
0.000087
0.000087
0.000079
0.000281
0.000065
0.000065
0.000065
0.000065
0.000065
0.000065
0.000065
0.000065
0.006578
0.000456
0.000348
0.000112
0.000223
0.001210
0.000078
0.000075
0.000081
0.000081
0.000076
0.000076
0.000076
0.000076
0.000076
0.000109
0.000073
0.000085
0.000085
0.000085
0.000085
0.000094
0.000085
0.000148
0.000223
0.000220
0.000169
0.000086
0.000080
0.000080
0.000080
0.000080
0.000240
0.000240
0.000240
0.000226
0.000240
0.000241
0.000241
0.000241
0.000240
0.000240
0.000256
0.000256
0.000104
0.000095
0.000095
0.000095
0.000092
0.000685
0.000185
0.000111
0.000112
0.000112
0.000119
0.000149
0.000119
0.000187
0.000169
0.000169
0.000153
0.000146
0.000146
0.000146
0.000146
0.000146
0.000146
0.000212
0.000146
0.000060
0.000060
0.000099
0.000060
0.000127
0.000104
0.000143
0.000153
0.000154
0.000091
0.000091
0.000153
0.000119
0.000119
0.000119
0.000119
0.000119
0.000119
0.000119
0.000119
0.000119
0.000119
0.000119
0.000119
0.000119
0.000103
0.000103
0.000089
0.000092
0.000155
0.000092
0.000092
0.001264
0.000124
0.000114
0.000092
0.000092
0.000069
0.000244
0.000069
0.000069
0.000069
0.000605
0.000605
0.000651
0.000616
0.000605
0.000616
0.000605
0.000601
0.000605
0.000621
0.000605
0.000129
0.000087
0.000098
0.000121
0.000126
0.000121
0.000126
0.000144
0.000144
0.000144
0.000257
0.000108
0.000108
0.000108
0.000108
0.000108
0.000108
0.000108
0.000113
0.000092
0.000094
0.000094
0.000137
0.000094
0.000092
0.000092
0.000092
0.000092
0.000092
0.000092
0.000092
0.000759
0.000124
0.000124
0.000129
0.000101
0.000101
0.000085
0.000137
0.000101
0.000146
0.000085
0.000098
0.000098
0.000098
0.000098
0.002801
0.000133
0.000092
0.000092
0.000092
0.000079
0.000067
0.000083
0.000083
0.000083
0.000083
0.000083
0.000083
0.000083
0.000083
0.000083
0.000083
0.000083
0.000499
0.000641
0.000087
0.000168
0.000070
0.000090
0.000070
0.000070
0.000070
0.000520
0.001315
0.000080
0.000080
0.000079
0.000085
0.000085
0.000351
0.000097
0.000097
0.001572
0.000224
0.000061
0.000061
0.000061
0.000061
0.000061
0.000061
0.000060
0.000060
0.000060
0.000060
0.000060
0.000060
0.000060
0.000060
0.000060
0.000060
0.000102
0.000102
0.000102
0.000102
0.000102
0.000102
0.000102
0.000102
0.000103
0.000102
0.000060
0.000060
0.000060
0.000060
0.000060
0.000060
0.000060
0.000064
0.000064
0.000073
0.000065
0.000084
0.000083
0.000086
0.000086
0.000169
0.000376
0.000081
0.000081
0.000137
0.000371
0.000061
0.000061
0.000061
0.000061
0.000061
0.000061
0.000061
0.000073
0.000088
0.000088
0.000088
0.000061
0.000061
0.000061
0.000061
0.000061
0.000061
0.000061
0.000061
0.000061
0.000061
0.000061
0.000061
0.000061
0.000061
0.000061
0.000061
0.000061
0.000062
0.000062
0.000071
0.000121
0.000060
0.000121
0.000060
0.000060
0.000060
0.000060
0.000060
0.000060
0.000060
0.000060
0.000060
0.000065
0.000060
0.000065
0.000060
0.000060
0.000060
0.000060
0.000060
0.000060
0.000060
0.000060
0.000060
0.000060
0.000060
0.000060
0.000060
0.000060
0.000060
0.000060
0.000060
0.000060
0.000060
0.000060
0.000121
0.000060
0.000060
0.000060
0.000060
0.000060
0.000120
0.000060
0.000060
0.000060
0.000077
0.000077
0.000077
0.000077
0.000077
0.000077
0.000077
0.000077
0.000082
0.000082
0.000082
0.000124
0.000085
0.000067
0.000082
0.000082
0.000062
0.000067
0.000067
0.000067
0.000070
0.000070
0.000067
0.000064
0.000064
0.000067
0.000067
0.000109
0.000066
0.000078
0.000078
0.000078
0.000078
0.000066
0.000066
0.000066
0.000067
0.000067
0.000067
0.000070
0.000070
0.000067
0.000066
0.000066
0.000066
0.000065
0.000080
0.000086
0.000083
0.000098
0.000098
0.000098
0.000098
0.000104
0.000104
0.000090
0.000090
0.000090
0.000090
0.000090
0.000090
0.000093
0.000093
0.000098
0.000098
0.000098
0.000098
0.003335
0.000553
0.000134
0.000104
0.000241
0.000170
0.001725
0.000072
0.000088
0.000083
0.000083
0.000083
0.000083
0.000083
0.000082
0.000232
0.000145
0.000248
0.000310
0.000196
0.000181
0.000127
0.000127
0.000127
0.000127
0.000127
0.000127
0.000127
0.000127
0.000127
0.000127
0.000127
0.000127
0.000127
0.000127
0.000127
0.000127
0.000127
0.000127
0.000127
0.000127
0.000127
0.000127
0.000127
0.000127
0.000127
0.000127
0.000092
0.000064
0.000064
0.000067
0.000079
0.000074
0.000173
0.000225
0.000209
0.000209
0.000189
0.001775
0.000180
0.000180
0.000180
0.000180
0.000180
0.000180
0.000270
0.000180
0.000074
0.000135
0.000074
0.000235
0.000335
0.000235
0.000235
0.000074
0.000074
0.000074
0.000074
0.000060
0.000060
0.000060
0.000060
0.000060
0.000060
0.000060
0.000060
0.000060
0.000060
0.000060
0.000060
0.000060
0.000060
0.000060
0.000060
0.000060
0.000060
0.000066
0.000060
0.000066
0.000060
0.000060
0.000080
0.000060
0.000060
0.000060
0.000060
0.000060
0.000060
0.000060
0.000066
0.000060
0.000060
0.000060
0.000064
0.000066
0.000066
0.000101
0.000064
0.000064
0.000064
0.000064
0.000091
0.000091
0.000104
0.000104
0.000080
0.000080
0.000076
0.000080
0.000080
0.000091
0.000098
0.000098
0.000098
0.000099
0.000149
0.000073
0.000073
0.000068
0.000089
0.000089
0.000104
0.000089
0.000089
0.000089
0.000089
0.000106
0.000106
0.000241
0.000068
0.000099
0.000099
0.000099
0.000099
0.000099
0.000099
0.000099
0.000108
0.000067
0.000276
0.000087
0.000087
0.000087
0.000123
0.000087
0.000071
0.000071
0.000065
0.000098
0.000490
0.000199
0.000628
0.000098
0.000431
0.000066
0.000066
0.000083
0.000082
0.000082
0.000082
0.000068
0.000065
0.000084
0.000065
0.000072
0.000072
0.000068
0.000071
0.000066
0.000066
0.000076
0.000076
0.000076
0.000078
0.000078
0.000078
0.000071
0.000072
0.000393
0.001419
0.000064
0.000064
0.000065
0.000088
0.000088
0.000121
0.000064
0.000064
0.000065
0.000112
0.000065
0.000065
0.000378
0.000087
0.000087
0.000087
0.000103
0.000400
0.000400
0.000400
0.000400
0.000400
0.000400
0.000400
0.000400
0.000400
0.000400
0.000400
0.000400
0.000400
0.000400
0.000400
0.000400
0.000400
0.000400
0.000400
0.000400
0.000400
0.000400
0.000400
0.000400
0.000400
0.000400
0.000400
0.000062
0.000062
0.000062
0.000062
0.000062
0.000062
0.000062
0.000062
0.000062
0.000062
0.000062
0.000062
0.000062
0.000062
0.000062
0.000062
0.000062
0.000062
0.000062
0.000062
0.000062
0.000062
0.000062
0.000062
0.000062
0.000062
0.000062
0.000062
0.000062
0.000062
0.000062
0.000061
0.000061
0.000061
0.000177
0.000434
0.000131
0.000131
0.000131
0.000131
0.000131
0.000131
0.000131
0.000131
0.000131
0.000131
0.000131
0.000131
0.000131
0.000131
0.000131
0.000131
0.000131
0.000131
0.000131
0.000131
0.000131
0.000131
0.000131
0.000131
0.000131
0.000131
0.000131
0.000131
0.000131
0.000131
0.000131
0.000131
0.000131
0.000131
0.000131
0.000131
0.000131
0.000131
0.000131
0.000131
0.000131
0.000131
0.000131
0.000131
0.000131
0.000131
0.000131
0.000131
0.000131
0.000131
0.000131
0.000131
0.000131
0.000131
0.000131
0.000131
0.000131
0.000060
0.000074
0.000079
0.000072
0.000072
0.000074
0.000084
0.000074
0.000074
0.000060
0.000060
0.000061
0.000061
0.000061
0.000061
0.000061
0.000061
0.000061
0.000066
0.000104
0.000079
0.000079
0.000065
0.000065
0.000065
0.000065
0.000065
0.000065
0.000067
0.000068
0.000068
0.000067
0.000149
0.000149
0.000066
0.000070
0.000072
0.000062
0.000062
0.000064
0.000148
0.000075
0.000075
0.000100
0.000075
0.000075
0.000075
0.000075
0.000066
0.000072
0.000070
0.000064
0.000064
0.000064
0.000421
0.000063
0.000199
0.000284
0.000199
0.000199
0.000061
0.000061
0.000069
0.000069
0.000069
0.000069
0.000061
0.000061
0.000063
0.000063
0.000063
0.000063
0.000063
0.000063
0.000063
0.000059
0.000059
0.000059
0.000059
0.000059
0.000059
0.000059
0.000059
0.000059
0.000059
0.000059
0.000059
0.000059
0.000059
0.000059
0.000059
0.000059
0.000059
0.000063
0.000059
0.000063
0.000059
0.000059
0.000059
0.000059
0.000059
0.000059
0.000059
0.000059
0.000059
0.000059
0.000063
0.000059
0.000059
0.000059
0.000063
0.000063
0.000063
0.000063
0.000063
0.000063
0.000063
0.000063
0.000063
0.000063
0.000063
0.000063
0.000063
0.000063
0.000063
0.000062
0.000065
0.000065
0.000070
0.000066
0.000066
0.000066
0.000069
0.000064
0.000106
0.000106
0.000078
0.000078
0.000061
0.000061
0.000061
0.000062
0.000062
0.000062
0.000062
0.000062
0.000062
0.000062
0.000062
0.000063
0.000066
0.000071
0.000061
0.000062
0.000062
0.000062
0.000062
0.000062
0.000062
0.000062
0.000062
0.000062
0.000062
0.000062
0.000062
0.000061
0.000061
0.000061
0.000061
0.000061
0.000061
0.000061
0.000061
0.000061
0.000061
0.000061
0.000061
0.000061
0.000061
0.000061
0.000061
0.000062
0.000062
0.000324
0.000324
0.000062
0.000075
0.000060
0.000060
0.000060
0.000060
0.000060
0.000060
0.000060
0.000060
0.000060
0.000060
0.000060
0.000060
0.000060
0.000060
0.000060
0.000060
0.000081
0.000098
0.000098
0.000066
0.000061
0.000063
0.000063
0.000063
0.002265
0.000477
0.000161
0.000146
0.000225
0.000157
0.000110
0.000110
0.000081
0.002677
0.000076
0.000104
0.000070
0.000070
0.000070
0.000070
0.000070
0.000070
0.000070
0.000070
0.000071
0.000091
0.000065
0.000065
0.000065
0.000065
0.000075
0.000075
0.000106
0.000075
0.000075
0.000075
0.000062
0.000070
0.000069
0.000069
0.000062
0.000062
0.000106
0.000122
0.000122
0.000122
0.000122
0.000122
0.000122
0.000122
0.000141
0.000174
0.000122
0.000172
0.000172
0.000122
0.000106
0.000106
0.000115
0.000191
0.000132
0.000142
0.000115
0.000115
0.000108
0.000106
0.000106
0.000123
0.000123
0.000123
0.000123
0.000123
0.000070
0.000070
0.000063
0.000131
0.000065
0.000488
0.000065
0.000062
0.000061
0.000061
0.000061
0.000061
0.000061
0.000061
0.000061
0.000061
0.000061
0.000061
0.000061
0.000068
0.000062
0.000066
0.000067
0.000102
0.000101
0.000102
0.000101
0.000101
0.000102
0.000936
0.000062
0.000073
0.000073
0.000073
0.000074
0.000084
0.000084
0.000084
0.000084
0.000084
0.000084
0.000084
0.000084
0.000084
0.000084
0.000067
0.000067
0.000067
0.000067
0.000139
0.000097
0.000139
0.000097
0.000087
0.000087
0.000088
0.000103
0.000065
0.000065
0.000065
0.000065
0.000088
0.000065
0.000065
0.000105
0.000105
0.000065
0.000088
0.000108
0.000307
0.000081
0.000094
0.000094
0.000094
0.000094
0.000094
0.000094
0.000094
0.000094
0.000070
0.000097
0.000106
0.000065
0.000065
0.000065
0.000065
0.000065
0.000065
0.000065
0.000097
0.000097
0.000088
0.000079
0.000070
0.000065
0.000129
0.000061
0.000063
0.000063
0.000062
0.000273
0.000515
0.000571
0.000534
0.000273
0.000064
0.000060
0.000060
0.000060
0.000060
0.000060
0.000060
0.000060
0.000110
0.000070
0.000068
0.000068
0.000068
0.000068
0.000068
0.000068
0.000068
0.000068
0.000068
0.000068
0.000068
0.000068
0.000062
0.000060
0.000060
0.000060
0.000060
0.000060
0.000060
0.000060
0.000060
0.000060
0.000060
0.000060
0.000060
0.000060
0.000060
0.000060
0.000060
0.000060
0.000060
0.000060
0.000060
0.000060
0.000060
0.000060
0.000083
0.000061
0.000061
0.000061
0.000061
0.000061
0.000061
0.000061
0.000061
0.000061
0.000061
0.000061
0.000061
0.000076
0.000076
0.000076
0.000076
0.000076
0.000097
0.000098
0.000098
0.000098
0.000098
0.000098
0.000098
0.000075
0.000075
0.000075
0.000075
0.000075
0.000060
0.000104
0.000093
0.000093
0.000093
0.000093
0.000093
0.000062
0.000062
0.000062
0.000062
0.000062
0.000062
0.000062
0.000062
0.000089
0.000062
0.000062
0.000062
0.000062
0.000061
0.000076
0.000076
0.000073
0.000073
0.000076
0.000085
0.000076
0.000076
0.000061
0.000061
0.000062
0.000062
0.000062
0.000062
0.000062
0.000062
0.000062
0.000066
0.000066
0.000066
0.000066
0.000066
0.000066
0.000066
0.000066
0.000219
0.000312
0.000219
0.000219
0.000069
0.000069
0.000113
0.000069
0.000069
0.000069
0.000069
0.000069
0.000069
0.001728
0.000073
0.000072
0.000063
0.000063
0.000109
0.000063
0.000063
0.000063
0.000062
0.000093
0.000062
0.000062
0.000062
0.000062
0.000062
0.000062
0.000062
0.000063
0.000063
0.000063
0.000063
0.000062
0.000062
0.000062
0.000062
0.000062
0.000062
0.000064
0.000063
0.000063
0.000063
0.000063
0.000063
0.000063
0.000063
0.000063
0.000063
0.000063
0.000063
0.000063
0.000063
0.000063
0.000063
0.000063
0.000060
0.000060
0.000060
0.000060
0.000060
0.000060
0.000060
0.000060
0.000060
0.000060
0.000060
0.000060
0.000060
0.000060
0.000063
0.000063
0.000063
0.000063
0.000060
0.000060
0.000060
0.000060
0.000060
0.000060
0.000060
0.000060
0.000060
0.000062
0.000062
0.000062
0.000062
0.000062
0.000062
0.000062
0.000062
0.000062
0.000062
0.000079
0.000092
0.000092
0.000092
0.000108
0.000108
0.000062
0.000062
0.000062
0.000062
0.000062
0.000062
0.000061
0.000061
0.000061
0.000061
0.000061
0.000061
0.000061
0.000061
0.000061
0.000061
0.000061
0.000061
0.000061
0.000061
0.000061
0.000061
0.000061
0.000066
0.000066
0.000062
0.000062
0.000062
0.000062
0.000062
0.000062
0.000062
0.000062
0.000062
0.000062
0.000062
0.000062
0.000062
0.000062
0.000062
0.000062
0.000062
0.000062
0.000062
0.000062
0.000062
0.000062
0.000062
0.000062
0.000063
0.000063
0.000063
0.000128
0.000200
0.000083
0.000117
0.000083
0.000128
0.000128
0.000128
0.000128
0.000128
0.000128
0.000128
0.000148
0.000182
0.000128
0.000180
0.000180
0.000128
0.000214
0.000141
0.000188
0.000171
0.000171
0.000154
0.000147
0.000147
0.000147
0.000147
0.000147
0.000147
0.000147
0.000089
0.000089
0.000104
0.000089
0.000082
0.000062
0.000109
0.000109
0.000109
0.000109
0.000109
0.000217
0.000079
0.000079
0.000085
0.000110
0.000110
0.000110
0.000084
0.000084
0.000111
0.000151
0.000470
0.001189
0.001299
0.000373
0.001640
0.001158
0.001640
0.001652
0.000110
0.000110
0.000110
0.000110
0.001447
0.000180
0.000180
0.000180
0.000180
0.000180
0.000180
0.000180
0.000180
0.000180
0.000180
0.000180
0.000180
0.000058
0.000058
0.000058
0.000058
0.000058
0.000058
0.000058
0.000058
0.000058
0.000058
0.000058
0.000058
0.000058
0.000058
0.000058
0.000058
0.000058
0.000058
0.000058
0.000058
0.000058
0.000058
0.000058
0.000058
0.000058
0.000058
0.000058
0.000058
0.000058
0.000058
0.000058
0.000058
0.000058
0.000058
0.000058
0.000058
0.000058
0.000058
0.000058
0.000058
0.000058
0.000058
0.000058
0.000058
0.000058
0.000058
0.000058
0.000058
0.000058
0.000058
0.000058
0.000058
0.000058
0.000058
0.000058
0.000058
0.000058
0.000058
0.000058
0.000058
0.000058
0.000058
0.000058
0.000058
0.000058
0.000058
0.000058
0.000058
0.000058
0.000058
0.000058
0.000058
0.000058
0.000058
0.000058
0.000058
0.000058
0.000058
0.000058
0.000058
0.000058
0.000058
0.000058
0.000058
0.000058
0.000058
0.000058
0.000058
0.000058
0.000058
0.000058
0.000058
0.000058
0.000058
0.000058
0.000058
0.000058
0.000058
0.000058
0.000388
0.000058
0.000058
0.000058
0.000058
0.000058
0.000058
0.000058
0.000058
0.000058
0.000058
0.000058
0.000058
0.000058
0.000058
0.000058
0.000058
0.000058
0.000058
0.000058
0.000058
0.000058
0.000058
0.000058
0.000058
0.000058
0.000058
0.000058
0.000058
0.000058
0.000058
0.000058
0.000058
0.000058
0.000058
0.000058
0.000058
0.000058
0.000058
0.000058
0.000058
0.000058
0.000058
0.000058
0.000058
0.000058
0.000058
0.000058
0.000058
0.000058
0.000058
0.000058
0.000058
0.000058
0.000058
0.000058
0.000058
0.000058
0.000058
0.000058
0.000058
0.000058
0.000058
0.000058
0.000058
0.000058
0.000058
0.000058
0.000058
0.000058
0.000058
0.000058
0.000058
0.000058
0.000058
0.000058
0.000058
0.000058
0.000058
0.000058
0.000058
0.000058
0.000058
0.000058
0.000058
0.000148
0.000105
0.000148
0.000105
0.000096
0.000112
0.000067
0.000067
0.000067
0.000067
0.000096
0.000067
0.000067
0.000109
0.000109
0.000067
0.000096
0.000110
0.000211
0.000087
0.001726
0.000072
0.000071
0.000158
0.000084
0.000085
0.000085
0.000063
0.000063
0.000063
0.000063
0.000063
0.000063
0.000063
0.000063
0.000073
0.000063
0.000063
0.000063
0.000063
0.000063
0.000063
0.000063
0.000063
0.000063
0.000100
0.000100
0.000110
0.000277
0.000110
0.000110
0.000110
0.000082
0.000082
0.000082
0.000082
0.000082
0.000111
0.000111
0.000129
0.000111
0.000111
0.000111
0.000111
0.000351
0.000442
0.000343
0.000343
0.000351
0.000063
0.000063
0.000063
0.000063
0.000063
0.000063
0.000063
0.000063
0.000063
0.000063
0.000067
0.000067
0.000067
0.000067
0.000067
0.000067
0.000067
0.000067
0.000063
0.000063
0.000063
0.000063
0.000126
0.001559
0.000063
0.000063
0.000063
0.000063
0.000063
0.000063
0.000063
0.000062
0.000062
0.000062
0.000062
0.000062
0.000062
0.000062
0.000062
0.000062
0.000062
0.000062
0.000062
0.000062
0.000390
0.000384
0.000384
0.000390
0.000390
0.000365
0.000159
0.000159
0.000159
0.000159
0.000159
0.000159
0.000159
0.000159
0.000159
0.000159
0.000153
0.000065
0.000082
0.000117
0.000078
0.000070
0.000075
0.000065
0.000065
0.000066
0.000079
0.000066
0.000074
0.000092
0.000066
0.000066
0.000071
0.000071
0.000071
0.000071
0.000084
0.000076
0.000067
0.000067
0.000067
0.000067
0.000076
0.000102
0.000076
0.000084
0.000084
0.000084
0.000076
0.000076
0.000076
0.000084
0.000084
0.000071
0.000071
0.000071
0.000076
0.000063
0.000063
0.000063
0.000063
0.000063
0.000063
0.000063
0.000063
0.000098
0.000071
0.000076
0.000084
0.000076
0.000084
0.000069
0.000069
0.000069
0.000077
0.000098
0.000067
0.000069
0.000069
0.000069
0.000069
0.000069
0.000084
0.000084
0.000084
0.000084
0.000076
0.000076
0.000084
0.000102
0.000120
0.000076
0.000069
0.000069
0.000069
0.000069
0.000069
0.000111
0.000071
0.000071
0.000071
0.000084
0.000084
0.000084
0.000084
0.000065
0.000065
0.000065
0.000065
0.000065
0.000065
0.000065
0.000065
0.000069
0.000069
0.000069
0.000069
0.000059
0.000059
0.000059
0.000059
0.000059
0.000059
0.000059
0.000059
0.000059
0.000059
0.000059
0.000059
0.000059
0.000059
0.000059
0.000059
0.000059
0.000059
0.000063
0.000059
0.000063
0.000059
0.000059
0.000059
0.000059
0.000059
0.000059
0.000063
0.000059
0.000059
0.000059
0.000062
0.000065
0.000065
0.000070
0.000061
0.000061
0.000061
0.000062
0.000062
0.000062
0.000062
0.000063
0.000071
0.000101
0.000065
0.000065
0.000065
0.000065
0.000062
0.000062
0.000062
0.000184
0.000143
0.000062
0.000084
0.000084
0.000078
0.000078
0.000078
0.000088
0.000088
0.000067
0.000067
0.000067
0.000067
0.000067
0.000086
0.000067
0.000067
0.000067
0.000067
0.000067
0.000067
0.000067
0.000114
0.000062
0.000062
0.000062
0.000062
0.000062
0.000062
0.000062
0.000062
0.000062
0.000062
0.000062
0.000062
0.000062
0.000062
0.000062
0.000062
0.000148
0.000063
0.000063
0.000063
0.000063
0.000063
0.000063
0.000063
0.000063
0.000063
0.000063
0.000063
0.000063
0.000063
0.000063
0.000079
0.000079
0.000079
0.000067
0.000067
0.000067
0.000067
0.000067
0.000067
0.000067
0.000062
0.000062
0.000062
0.000062
0.000062
0.000062
0.000062
0.000062
0.000062
0.000062
0.000062
0.000062
0.000062
0.000062
0.000069
0.000069
0.000069
0.000069
0.000069
0.000067
0.000067
0.000067
0.000067
0.000069
0.000067
0.000087
0.000076
0.000076
0.000065
0.000076
0.000077
0.000076
0.000065
0.000062
0.000062
0.000062
0.000062
0.000062
0.000062
0.000062
0.000062
0.000062
0.000062
0.000062
0.000062
0.000062
0.000062
0.000062
0.000062
0.000062
0.000062
0.000062
0.000062
0.000062
0.000062
0.000079
0.000070
0.000070
0.000114
0.000114
0.000062
0.000062
0.000062
0.000062
0.000062
0.000062
0.000062
0.000062
0.000062
0.000062
0.000062
0.000062
0.000062
0.000062
0.000062
0.000062
0.000062
0.000062
0.000062
0.000062
0.000062
0.000062
0.000062
0.000093
0.000085
0.000085
0.000085
0.000085
0.000066
0.000066
0.000066
0.000065
0.000065
0.000065
0.000065
0.000065
0.000065
0.000119
0.000065
0.000065
0.000065
0.000065
0.000065
0.000065
0.000065
0.000090
0.000090
0.000090
0.000118
0.000162
0.000281
0.000281
0.000162
0.000072
0.000072
0.000072
0.000072
0.000069
0.000069
0.000066
0.000072
0.000072
0.000072
0.000072
0.000257
0.000257
0.000257
0.000257
0.000064
0.000064
0.000064
0.000064
0.000064
0.000064
0.000064
0.000064
0.000130
0.000069
0.000069
0.000069
0.000069
0.000069
0.000061
0.000061
0.000061
0.000061
0.000061
0.000061
0.000061
0.000061
0.000061
0.000061
0.000061
0.000061
0.000061
0.000061
0.000061
0.000061
0.000061
0.000087
0.000087
0.000132
0.000073
0.000073
0.000073
0.000070
0.000070
0.000070
0.000070
0.000070
0.000070
0.000149
0.000075
0.000075
0.000075
0.000075
0.000075
0.000067
0.000067
0.000067
0.000067
0.000067
0.000067
0.000066
0.000066
0.000066
0.000066
0.000066
0.000063
0.000063
0.000067
0.000063
0.000067
0.000063
0.000063
0.000063
0.000063
0.000063
0.000063
0.000063
0.000063
0.000063
0.000063
0.000061
0.000061
0.000061
0.000061
0.000061
0.000061
0.000061
0.000061
0.000087
0.000061
0.000061
0.000061
0.000061
0.000061
0.000061
0.000061
0.000061
0.000061
0.000061
0.000061
0.000062
0.000062
0.000062
0.000062
0.000062
0.000062
0.000062
0.000062
0.000062
0.000062
0.000062
0.000062
0.000062
0.000136
0.000077
0.000077
0.000077
0.000070
0.000070
0.000070
0.000070
0.000414
0.000414
0.000414
0.000414
0.000414
0.000116
0.000063
0.000069
0.000069
0.000076
0.000069
0.000069
0.000069
0.000069
0.000059
0.000059
0.000059
0.000059
0.000059
0.000059
0.000059
0.000059
0.000059
0.000059
0.000059
0.000059
0.000059
0.000059
0.000059
0.000059
0.000059
0.000059
0.000063
0.000059
0.000063
0.000059
0.000059
0.000059
0.000059
0.000063
0.000059
0.000059
0.000059
0.000063
0.000065
0.000065
0.000070
0.000061
0.000061
0.000061
0.000062
0.000062
0.000062
0.000062
0.000063
0.000071
0.000091
0.000065
0.000065
0.000065
0.000065
0.000062
0.000062
0.000062
0.000151
0.000130
0.000063
0.000063
0.000063
0.000063
0.000063
0.000063
0.000063
0.000063
0.000063
0.000063
0.000063
0.000130
0.000130
0.000168
0.000168
0.000168
0.000106
0.000201
0.000201
0.000201
0.000229
0.000229
0.000229
0.000253
0.000253
0.000253
0.000065
0.000065
0.000065
0.000065
0.000065
0.000065
0.000065
0.000065
0.000180
0.000180
0.000180
0.000180
0.000180
0.000180
0.000180
0.000180
0.000180
0.000180
0.000180
0.000180
0.000063
0.000071
0.000071
0.000136
0.000149
0.000149
0.000110
0.000110
0.000110
0.000110
0.000110
0.000110
0.000110
0.000111
0.000112
0.000167
0.000059
0.000059
0.000059
0.000059
0.000059
0.000059
0.000059
0.000059
0.000059
0.000059
0.000059
0.000059
0.000059
0.000059
0.000059
0.000059
0.000059
0.000059
0.000059
0.000059
0.000059
0.000059
0.000059
0.000059
0.000059
0.000059
0.000059
0.000059
0.000059
0.000059
0.000059
0.000059
0.000059
0.000059
0.000059
0.000059
0.000059
0.000059
0.000059
0.000059
0.000059
0.000059
0.000059
0.000059
0.000059
0.000059
0.000059
0.000059
0.000059
0.000059
0.000059
0.000059
0.000059
0.000059
0.000059
0.000059
0.000059
0.000059
0.000059
0.000059
0.000059
0.000059
0.000059
0.000059
0.000059
0.000059
0.000059
0.000059
0.000059
0.000059
0.000059
0.000059
0.000059
0.000059
0.000059
0.000059
0.000059
0.000059
0.000059
0.000059
0.000059
0.000059
0.000059
0.000059
0.000059
0.000059
0.000059
0.000059
0.000059
0.000059
0.000059
0.000059
0.000059
0.000059
0.000059
0.000059
0.000059
0.000059
0.000059
0.000059
0.000059
0.000059
0.000059
0.000059
0.000059
0.000059
0.000059
0.000059
0.000059
0.000059
0.000059
0.000059
0.000059
0.000059
0.000059
0.000059
0.000059
0.000059
0.000059
0.000059
0.000059
0.000059
0.000059
0.000059
0.000059
0.000059
0.000059
0.000059
0.000059
0.000059
0.000059
0.000059
0.000059
0.000059
0.000059
0.000059
0.000059
0.000059
0.000059
0.000059
0.000059
0.000059
0.000059
0.000059
0.000059
0.000059
0.000059
0.000059
0.000059
0.000059
0.000059
0.000059
0.000059
0.000059
0.000059
0.000059
0.000059
0.000059
0.000059
0.000059
0.000059
0.000059
0.000059
0.000059
0.000059
0.000059
0.000059
0.000059
0.000059
0.000059
0.000059
0.000059
0.000059
0.000059
0.000059
0.000059
0.000059
0.000059
0.000059
0.000059
0.000059
0.000059
0.000059
0.000059
0.000158
0.000092
0.000092
0.000092
0.000092
0.000092
0.000092
0.000089
0.000077
0.000077
0.000077
0.000066
0.000077
0.000078
0.000077
0.000066
0.000062
0.000062
0.000062
0.000062
0.000062
0.000062
0.000062
0.000062
0.000062
0.000062
0.000062
0.000062
0.000062
0.000062
0.000062
0.000062
0.000062
0.000062
0.000062
0.000062
0.000062
0.000062
0.000067
0.000062
0.000062
0.000062
0.000062
0.000080
0.000080
0.000070
0.000070
0.000116
0.000116
0.000063
0.000063
0.000063
0.000063
0.000063
0.000063
0.000063
0.000063
0.000063
0.000063
0.000063
0.000063
0.000063
0.000063
0.000063
0.000063
0.000063
0.000063
0.000063
0.000063
0.000063
0.000063
0.000063
0.000140
0.000097
0.000140
0.000097
0.000065
0.000065
0.000065
0.000065
0.000065
0.000065
0.000105
0.000105
0.000065
0.000108
0.000073
0.000073
0.000073
0.000071
0.000071
0.000071
0.000071
0.000071
0.000071
0.000064
0.000064
0.000064
0.000064
0.000064
0.000064
0.000064
0.000064
0.000064
0.000064
0.000293
0.001524
0.000137
0.000137
0.000137
0.000137
0.000154
0.000408
0.000137
0.000164
0.000210
0.000197
0.000197
0.000197
0.000156
0.000156
0.000169
0.000197
0.000197
0.000209
0.000197
0.000242
0.000197
0.000725
0.000207
0.000206
0.000088
0.000121
0.000088
0.000280
0.000088
0.000181
0.000179
0.000208
0.000091
0.000108
0.000091
0.000167
0.000141
0.000141
0.000158
0.000388
0.000074
0.000074
0.000074
0.000072
0.000072
0.000072
0.000072
0.000072
0.000072
0.000151
0.000180
0.000180
0.000180
0.000180
0.000180
0.000180
0.000180
0.000180
0.000180
0.000180
0.000180
0.000180
0.000111
0.000076
0.000076
0.000076
0.000336
0.000140
0.000065
0.000164
0.000065
0.000125
0.000065
0.001755
0.000673
0.000065
0.000065
0.000089
0.000089
0.000105
0.000108
0.000112
0.000112
0.000108
0.000072
0.000072
0.000072
0.000121
0.000121
0.000121
0.000150
0.000669
0.000792
0.000268
0.000513
0.000121
0.001547
0.000228
0.000970
0.000754
0.000754
0.000149
0.000121
0.000121
0.000121
0.000121
0.000153
0.000062
0.000084
0.000084
0.000078
0.000078
0.000078
0.000067
0.000067
0.000067
0.000067
0.000067
0.000069
0.000069
0.000069
0.000069
0.000069
0.000067
0.000067
0.000067
0.000067
0.000069
0.000067
0.000124
0.002845
0.002227
0.000782
0.001608
0.002433
0.001264
0.002020
0.003739
0.001814
0.001126
0.000172
0.000073
0.000073
0.000090
0.000090
0.000090
0.000065
0.000065
0.000187
0.000171
0.000171
0.000067
0.000067
0.000067
0.000067
0.000067
0.000067
0.000067
0.000067
0.000067
0.000067
0.000067
0.000067
0.000067
0.000067
0.000067
0.000067
0.000067
0.000067
0.000067
0.000067
0.000067
0.000067
0.000067
0.000067
0.000067
0.000067
0.000111
0.000077
0.000077
0.000077
0.000065
0.000065
0.000065
0.001170
0.000065
0.000131
0.000131
0.000131
0.000061
0.000061
0.000061
0.000061
0.000061
0.000061
0.000061
0.000061
0.000061
0.000061
0.000061
0.000061
0.000061
0.000061
0.000061
0.000061
0.000061
0.000061
0.000061
0.000061
0.000115
0.000074
0.000074
0.000074
0.000063
0.000063
0.000063
0.000063
0.000063
0.000063
0.000063
0.000063
0.000063
0.000063
0.000066
0.000066
0.000066
0.000066
0.000066
0.000066
0.000076
0.000076
0.000081
0.000075
0.000075
0.000075
0.000075
0.000075
0.000075
0.000075
0.000065
0.000065
0.000065
0.000065
0.000065
0.000065
0.000065
0.000065
0.000065
0.000077
0.000078
0.000078
0.000064
0.000064
0.000064
0.000064
0.000064
0.000064
0.000064
0.000064
0.000064
0.000064
0.000070
0.000070
0.000070
0.000070
0.000070
0.000110
0.000063
0.000063
0.000063
0.000063
0.000063
0.000068
0.000068
0.000075
0.000059
0.000059
0.000059
0.000059
0.000059
0.000059
0.000059
0.000059
0.000059
0.000059
0.000059
0.000059
0.000059
0.000059
0.000059
0.000059
0.000059
0.000059
0.000059
0.000059
0.000059
0.000059
0.000059
0.000059
0.000059
0.000059
0.000059
0.000109
0.000059
0.000059
0.000059
0.000059
0.000059
0.000059
0.000059
0.000109
0.000059
0.000059
0.000059
0.000059
0.000059
0.000059
0.000059
0.000059
0.000059
0.000059
0.000059
0.000059
0.000059
0.000059
0.000059
0.000059
0.000059
0.000059
0.000059
0.000059
0.000059
0.000059
0.000059
0.000059
0.000059
0.000059
0.000059
0.000059
0.000059
0.000059
0.000059
0.000059
0.000059
0.000059
0.000059
0.000059
0.000059
0.000059
0.000059
0.000059
0.000059
0.000059
0.000059
0.000059
0.000059
0.000059
0.000059
0.000059
0.000059
0.000059
0.000059
0.000059
0.000059
0.000059
0.000059
0.000059
0.000059
0.000059
0.000059
0.000059
0.000059
0.000059
0.000059
0.000059
0.000059
0.000059
0.000059
0.000059
0.000059
0.000059
0.000074
0.000074
0.000074
0.000074
0.000074
0.000074
0.000074
0.000074
0.000405
0.000405
0.000405
0.000405
0.000405
0.000405
0.000405
0.000405
0.000405
0.000405
0.000062
0.000084
0.000084
0.000078
0.000078
0.000078
0.000067
0.000067
0.000067
0.000067
0.000067
0.000069
0.000069
0.000069
0.000069
0.000069
0.000067
0.000067
0.000067
0.000067
0.000069
0.000067
0.000103
0.000179
0.000119
0.000567
0.000136
0.000136
0.000074
0.000074
0.000074
0.000121
0.000059
0.000121
0.000059
0.000059
0.000059
0.000059
0.000059
0.000059
0.000059
0.000059
0.000059
0.000065
0.000059
0.000065
0.000059
0.000059
0.000059
0.000059
0.000059
0.000059
0.000059
0.000059
0.000059
0.000059
0.000059
0.000059
0.000059
0.000059
0.000059
0.000059
0.000059
0.000059
0.000059
0.000059
0.000121
0.000059
0.000059
0.000059
0.000059
0.000059
0.000059
0.000059
0.000059
0.000063
0.000063
0.000063
0.000063
0.000063
0.000063
0.000063
0.000063
0.000063
0.000063
0.000066
0.000066
0.000066
0.000066
0.000066
0.000066
0.000076
0.000076
0.000081
0.000150
0.000643
0.000721
0.000945
0.000721
0.000073
0.000073
0.000185
0.000093
0.000093
0.000093
0.000085
0.000085
0.000085
0.000074
0.000085
0.000085
0.000250
0.000076
0.000173
0.000082
0.000124
0.000142
0.000142
0.000064
0.000074
0.000064
0.000074
0.000071
0.000071
0.000404
0.000074
0.000102
0.000115
0.000069
0.000069
0.000069
0.000069
0.000069
0.000069
0.000069
0.000081
0.000069
0.000091
0.000071
0.000071
0.000071
0.000071
0.000071
0.000071
0.000071
0.000075
0.000075
0.000075
0.000133
0.000079
0.000079
0.000079
0.000079
0.000079
0.000729
0.000729
0.000689
0.000689
0.000689
0.000689
0.000080
0.000080
0.000080
0.000080
0.000080
0.000080
0.000080
0.000080
0.000080
0.000080
0.000135
0.000073
0.000073
0.000073
0.000073
0.000472
0.000060
0.000060
0.000060
0.000060
0.000060
0.000060
0.000060
0.000060
0.000060
0.000060
0.000060
0.000060
0.000060
0.000060
0.000060
0.000060
0.000060
0.000060
0.000060
0.000060
0.000060
0.000060
0.000060
0.000060
0.000060
0.000060
0.000060
0.000060
0.000060
0.000060
0.000060
0.000060
0.000060
0.000060
0.000060
0.000136
0.000192
0.000179
0.000122
0.000105
0.000299
0.000210
0.000102
0.000102
0.000089
0.000080
0.000102
0.000082
0.000097
0.000097
0.000097
0.000088
0.000088
0.000164
0.000113
0.000124
0.000078
0.000078
0.000069
0.000069
0.000069
0.000106
0.000106
0.000106
0.001517
0.000069
0.000069
0.000069
0.000307
0.001696
0.000334
0.000307
0.000102
0.000201
0.000242
0.000611
0.000145
0.001256
0.000102
0.000102
0.000102
0.000102
0.000102
0.000083
0.000107
0.000083
0.000069
0.000069
0.000069
0.000069
0.000069
0.000069
0.000069
0.000069
0.000100
0.000100
0.000100
0.000153
0.000153
0.000153
0.000153
0.000395
0.000395
0.000087
0.000087
0.000087
0.000087
0.000087
0.000461
0.000461
0.000461
0.000461
0.000084
0.000084
0.000084
0.000084
0.000277
0.000368
0.000277
0.000277
0.000277
0.000277
0.000086
0.000104
0.000333
0.000333
0.000333
0.000186
0.000186
0.000186
0.000186
0.000186
0.000186
0.000186
0.000186
0.000124
0.000172
0.000077
0.000077
0.000077
0.000065
0.000065
0.000065
0.001170
0.000065
0.000131
0.000131
0.000131
0.000061
0.000061
0.000061
0.000061
0.000061
0.000061
0.000061
0.000061
0.000061
0.000061
0.000061
0.000061
0.000061
0.000061
0.000061
0.000061
0.000061
0.000061
0.000061
0.000061
0.000115
0.003395
0.001382
0.000533
0.000283
0.000226
0.000213
0.000209
0.000209
0.000208
0.000208
0.000208
0.000208
0.000208
0.000208
0.000208
0.000208
0.000208
0.000208
0.000208
0.000208
0.000208
0.000208
0.000208
0.000208
0.000208
0.000208
0.000208
0.000208
0.000208
0.000208
0.000208
0.000208
0.000208
0.000209
0.000209
0.000213
0.000232
0.000336
0.000800
0.002551
0.000117
0.002666
0.001123
0.000463
0.000268
0.000223
0.000212
0.000209
0.000209
0.000209
0.000209
0.000209
0.000209
0.000209
0.000209
0.000209
0.000209
0.000209
0.000209
0.000209
0.000209
0.000209
0.000209
0.000209
0.000209
0.000209
0.000209
0.000212
0.000227
0.000309
0.000669
0.002011
0.000117
0.000963
0.000519
0.000302
0.000232
0.000216
0.000213
0.000218
0.000249
0.000363
0.000751
0.000118
0.001936
0.000864
0.000394
0.000252
0.000219
0.000211
0.000210
0.000209
0.000209
0.000209
0.000209
0.000209
0.000209
0.000209
0.000209
0.000209
0.000210
0.000212
0.000223
0.000283
0.000537
0.001471
0.000117
0.002909
0.001210
0.000486
0.000273
0.000224
0.000212
0.000209
0.000209
0.000209
0.000209
0.000209
0.000209
0.000209
0.000209
0.000209
0.000209
0.000209
0.000209
0.000209
0.000209
0.000209
0.000209
0.000209
0.000209
0.000209
0.000209
0.000209
0.000209
0.000209
0.000213
0.000229
0.000318
0.000713
0.002191
0.000117
0.001531
0.000720
0.000355
0.000243
0.000217
0.000211
0.000210
0.000210
0.000209
0.000209
0.000210
0.000210
0.000212
0.000220
0.000268
0.000464
0.001171
0.000118
0.002422
0.001037
0.000440
0.000262
0.000221
0.000212
0.000209
0.000209
0.000209
0.000209
0.000209
0.000209
0.000209
0.000209
0.000209
0.000209
0.000209
0.000209
0.000209
0.000209
0.000209
0.000209
0.000209
0.000212
0.000226
0.000301
0.000625
0.001831
0.000117
0.004449
0.001757
0.000633
0.000307
0.000232
0.000214
0.000210
0.000209
0.000208
0.000208
0.000208
0.000208
0.000208
0.000208
0.000208
0.000208
0.000208
0.000208
0.000208
0.000208
0.000208
0.000208
0.000208
0.000208
0.000208
0.000208
0.000208
0.000208
0.000208
0.000208
0.000208
0.000208
0.000208
0.000208
0.000208
0.000208
0.000208
0.000208
0.000208
0.000208
0.000208
0.000208
0.000208
0.000208
0.000208
0.000208
0.000209
0.000210
0.000214
0.000239
0.000375
0.000991
0.003332
0.000117
0.002179
0.000950
0.000417
0.000257
0.000220
0.000212
0.000210
0.000209
0.000209
0.000209
0.000209
0.000209
0.000209
0.000209
0.000209
0.000209
0.000209
0.000209
0.000209
0.000210
0.000212
0.000224
0.000292
0.000581
0.001651
0.000117
0.001369
0.000663
0.000340
0.000240
0.000217
0.000211
0.000210
0.000210
0.000210
0.000210
0.000212
0.000219
0.000263
0.000435
0.001051
0.000118
0.000062
0.000062
0.000134
0.000107
0.000107
0.000062
0.000062
0.000062
0.000062
0.000062
0.000062
0.000062
0.000062
0.000062
0.000062
0.000062
0.000062
0.000062
0.000062
0.000062
0.001420
0.000687
0.000354
0.000250
0.000227
0.000221
0.000220
0.000220
0.000220
0.000220
0.000221
0.000230
0.000275
0.000454
0.001095
0.000114
0.000114
0.000114
0.000114
0.000114
0.000114
0.000059
0.000059
0.000059
0.000059
0.000059
0.000059
0.000059
0.000059
0.000059
0.000059
0.000059
0.000059
0.000059
0.000059
0.000059
0.000059
0.000059
0.000059
0.000059
0.000059
0.000059
0.000059
0.000059
0.000059
0.000059
0.000059
0.000059
0.000059
0.000059
0.000059
0.000059
0.000059
0.000059
0.000059
0.000059
0.000059
0.000059
0.000059
0.000059
0.000059
0.000059
0.000059
0.000059
0.000059
0.000059
0.000059
0.000059
0.000059
0.000059
0.000059
0.000059
0.000059
0.000059
0.000059
0.000059
0.000059
0.000059
0.000059
0.000059
0.000059
0.000059
0.000059
0.000059
0.000059
0.000059
0.000059
0.000059
0.000059
0.000059
0.000059
0.000059
0.000059
0.000059
0.000059
0.000059
0.000059
0.000059
0.000059
0.000059
0.000059
0.000059
0.000059
0.000059
0.000059
0.000059
0.000059
0.000059
0.000059
0.000059
0.000059
0.000059
0.000059
0.000059
0.000059
0.000059
0.000059
0.000059
0.000059
0.000059
0.000059
0.000059
0.000059
0.000059
0.000059
0.000059
0.000059
0.000059
0.000059
0.000059
0.000059
0.000059
0.000059
0.000059
0.000059
0.000059
0.000059
0.000059
0.000059
0.000059
0.000059
0.000059
0.000059
0.000059
0.000059
0.000059
0.000059
0.000059
0.000059
0.000059
0.000059
0.000059
0.000059
0.000059
0.000059
0.000059
0.000059
0.000059
0.000059
0.000059
0.000059
0.000059
0.000059
0.000059
0.000059
0.000059
0.000059
0.000059
0.000059
0.000059
0.000059
0.000059
0.000059
0.000059
0.000059
0.000059
0.000059
0.000059
0.000059
0.000059
0.000059
0.000059
0.000059
0.000059
0.000059
0.000059
0.000059
0.000059
0.000059
0.000059
0.000059
0.000059
0.000059
0.000059
0.000059
0.000059
0.000059
0.000059
0.000059
0.000059
0.000059
0.000059
0.000059
0.000059
0.000059
0.000059
0.000059
0.000059
0.000059
0.000059
0.000059
0.000059
0.000059
0.000059
0.000059
0.000059
0.000059
0.000059
0.000059
0.000059
0.000059
0.000059
0.000059
0.000059
0.000059
0.000059
0.000059
0.000059
0.000059
0.000059
0.000059
0.000059
0.000059
0.000059
0.000059
0.000059
0.000059
0.000059
0.000059
0.000059
0.000059
0.000059
0.000059
0.000059
0.000059
0.000059
0.000059
0.000059
0.000059
0.000059
0.000059
0.000059
0.000059
0.000059
0.000059
0.000059
0.000059
0.000059
0.000059
0.000059
0.000059
0.000059
0.000059
0.000059
0.000059
0.000059
0.000059
0.000059
0.000059
0.000059
0.000059
0.000059
0.000059
0.000059
0.000059
0.000059
0.000059
0.000059
0.000059
0.000059
0.000059
0.000059
0.000059
0.000059
0.000059
0.000059
0.000059
0.000059
0.000059
0.000059
0.000059
0.000059
0.000059
0.000059
0.000059
0.000059
0.000059
0.000072
0.000072
0.000063
0.000072
0.000072
0.000072
0.000072
0.000063
0.000063
0.000063
0.000067
0.000097
0.000126
0.000125
0.000124
0.000172
0.000077
0.000077
0.000077
0.000065
0.000065
0.000065
0.001170
0.000065
0.000131
0.000131
0.000131
0.000061
0.000061
0.000061
0.000061
0.000061
0.000061
0.000061
0.000061
0.000061
0.000061
0.000061
0.000061
0.000061
0.000061
0.000061
0.000061
0.000061
0.000061
0.000061
0.000061
0.000115
0.000472
0.000540
0.000059
0.000059
0.000059
0.000059
0.000059
0.000059
0.000059
0.000059
0.000059
0.000059
0.000059
0.000059
0.000059
0.000059
0.000059
0.000059
0.000059
0.000059
0.000059
0.000059
0.000059
0.000059
0.000059
0.000059
0.000059
0.000059
0.000059
0.000059
0.000059
0.000059
0.000059
0.000059
0.000059
0.000059
0.000059
0.000059
0.000059
0.000059
0.000059
0.000059
0.000059
0.000059
0.000059
0.000059
0.000059
0.000059
0.000059
0.000059
0.000059
0.000059
0.000059
0.000059
0.000059
0.000059
0.000059
0.000059
0.000059
0.000059
0.000059
0.000059
0.000059
0.000059
0.000059
0.000059
0.000059
0.000059
0.000059
0.000059
0.000059
0.000059
0.000059
0.000059
0.000059
0.000059
0.000059
0.000059
0.000059
0.000059
0.000059
0.000059
0.000059
0.000059
0.000059
0.000059
0.000059
0.000059
0.000059
0.000059
0.000059
0.000059
0.000059
0.000059
0.000059
0.000059
0.000059
0.000059
0.000059
0.000059
0.000059
0.000059
0.000059
0.000059
0.000059
0.000059
0.000059
0.000059
0.000059
0.000059
0.000059
0.000059
0.000059
0.000059
0.000059
0.000059
0.000059
0.000059
0.000059
0.000059
0.000059
0.000059
0.000059
0.000059
0.000059
0.000059
0.000059
0.000059
0.000059
0.000059
0.000059
0.000059
0.000059
0.000059
0.000059
0.000059
0.000059
0.000059
0.000059
0.000059
0.000059
0.000059
0.000059
0.000059
0.000059
0.000059
0.000059
0.000059
0.000059
0.000059
0.000059
0.000059
0.000059
0.000059
0.000059
0.000059
0.000059
0.000059
0.000059
0.000059
0.000059
0.000059
0.000059
0.000059
0.000059
0.000059
0.000059
0.000059
0.000059
0.000059
0.000059
0.000059
0.000059
0.000059
0.000059
0.000059
0.000059
0.000059
0.000059
0.000059
0.000059
0.000059
0.000059
0.000059
0.000059
0.000059
0.000059
0.000059
0.000059
0.000059
0.000059
0.000059
0.000059
0.000059
0.000059
0.000059
0.000059
0.000059
0.000059
0.000059
0.000059
0.000059
0.000059
0.000059
0.000059
0.000059
0.000059
0.000059
0.000059
0.000059
0.000059
0.000059
0.000059
0.000059
0.000059
0.000059
0.000059
0.000059
0.000059
0.000059
0.000059
0.000059
0.000059
0.000059
0.000059
0.000059
0.000059
0.000059
0.000059
0.000059
0.000059
0.000059
0.000059
0.000059
0.000059
0.000059
0.000059
0.000059
0.000059
0.000059
0.000059
0.000059
0.000059
0.000059
0.000059
0.000059
0.000059
0.000059
0.000059
0.000059
0.000059
0.000059
0.000059
0.000059
0.000059
0.000059
0.000059
0.000059
0.000059
0.000059
0.000059
0.000059
0.000059
0.000059
0.000059
0.000059
0.000059
0.000059
0.000059
0.000059
0.000059
0.000059
0.000059
0.000059
0.000059
0.000059
0.000059
0.000059
0.000072
0.000072
0.000063
0.000072
0.000072
0.000072
0.000072
0.000063
0.000063
0.000063
0.000067
0.000097
0.000157
0.000136
0.000364
0.000364
0.000123
0.000123
0.000123
0.000103
0.000103
0.000103
0.000114
0.000122
0.000122
0.000132
0.000132
0.000103
0.000111
0.000103
0.000111
0.000081
0.000062
0.000062
0.000062
0.000062
0.000062
0.000287
0.000062
0.000075
0.000069
0.000069
0.000069
0.000131
0.000648
0.000094
0.000094
0.000131
0.001028
0.000123
0.000264
0.000065
0.000070
0.000223
0.000068
0.000068
0.000068
0.000423
0.000068
0.000067
0.000067
0.000067
0.000067
0.000067
0.000067
0.000067
0.000117
0.000117
0.000088
0.000078
0.000078
0.000127
0.000127
0.000127
0.000127
0.000127
0.000121
0.000068
0.000096
0.000096
0.000096
0.000091
0.000142
0.000075
0.000075
0.000075
0.000172
0.000172
0.000172
0.000135
0.000135
0.000135
0.000126
0.000126
0.000126
0.000103
0.000103
0.000103
0.000192
0.000192
0.000472
0.000080
0.000080
0.000124
0.000080
0.000147
0.000106
0.000124
0.000124
0.000060
0.000060
0.000060
0.000060
0.000060
0.000060
0.000060
0.000060
0.000060
0.000060
0.000060
0.000060
0.000060
0.000060
0.000060
0.000060
0.000060
0.000060
0.000060
0.000060
0.000060
0.000060
0.000060
0.000060
0.000060
0.000060
0.000060
0.000060
0.000060
0.000060
0.000060
0.000060
0.000060
0.000060
0.000060
0.000060
0.000060
0.000060
0.000060
0.000060
0.000060
0.000060
0.000060
0.000060
0.000060
0.000060
0.000060
0.000060
0.000060
0.000060
0.000060
0.000060
0.000060
0.000071
0.000071
0.000071
0.000071
0.000071
0.000117
0.000242
0.000242
0.000242
0.000242
0.000242
0.000242
0.000242
0.000098
0.000098
0.000098
0.000098
0.000098
0.000098
0.000098
0.000098
0.000098
0.000098
0.000098
0.000098
0.000098
0.000098
0.000098
0.000098
0.000098
0.000098
0.000098
0.000098
0.000098
0.000098
0.000098
0.000098
0.000098
0.000098
0.000126
0.000098
0.000098
0.000098
0.000098
0.000098
0.000098
0.000098
0.000098
0.000064
0.000064
0.000064
0.000064
0.000064
0.000064
0.000064
0.000064
0.000064
0.000064
0.000064
0.000064
0.000064
0.000064
0.000064
0.000064
0.000064
0.000064
0.000064
0.000064
0.000064
0.000064
0.000064
0.000064
0.000064
0.000064
0.000064
0.000064
0.000064
0.000165
0.000165
0.000165
0.000165
0.000165
0.000165
0.000165
0.000272
0.000272
0.000272
0.000272
0.000272
0.000075
0.000075
0.000075
0.000075
0.000075
0.000075
0.000075
0.000075
0.000075
0.000075
0.000075
0.000075
0.000075
0.000075
0.000075
0.000075
0.000075
0.000075
0.000075
0.000075
0.000082
0.000082
0.000215
0.000062
0.000062
0.000062
0.000062
0.000062
0.000062
0.000062
0.000062
0.000062
0.000062
0.000062
0.000062
0.000062
0.000062
0.000062
0.001420
0.000687
0.000354
0.000250
0.000227
0.000221
0.000220
0.000220
0.000220
0.000220
0.000221
0.000230
0.000275
0.000454
0.001095
0.000114
0.000114
0.000114
0.000114
0.000114
0.000114
0.002871
0.001654
0.000661
0.000278
0.000183
0.000160
0.000154
0.000153
0.000152
0.000152
0.000152
0.000152
0.000152
0.000152
0.000152
0.000152
0.000152
0.000152
0.000152
0.000152
0.000152
0.000152
0.000152
0.000152
0.000152
0.000152
0.000152
0.000152
0.000152
0.000152
0.000152
0.000152
0.000152
0.000153
0.000154
0.000158
0.000175
0.000236
0.000441
0.000694
0.002244
0.001320
0.000551
0.000250
0.000176
0.000158
0.000154
0.000153
0.000152
0.000152
0.000152
0.000152
0.000152
0.000152
0.000152
0.000152
0.000152
0.000152
0.000152
0.000152
0.000152
0.000152
0.000152
0.000152
0.000153
0.000153
0.000157
0.000170
0.000218
0.000378
0.000566
0.000783
0.000542
0.000294
0.000188
0.000162
0.000157
0.000160
0.000177
0.000233
0.000267
0.001618
0.000986
0.000441
0.000223
0.000170
0.000157
0.000153
0.000153
0.000152
0.000152
0.000152
0.000152
0.000152
0.000152
0.000152
0.000153
0.000153
0.000156
0.000165
0.000200
0.000316
0.000438
0.002453
0.001431
0.000588
0.000259
0.000179
0.000159
0.000154
0.000153
0.000152
0.000152
0.000152
0.000152
0.000152
0.000152
0.000152
0.000152
0.000152
0.000152
0.000152
0.000152
0.000152
0.000152
0.000152
0.000152
0.000152
0.000152
0.000152
0.000153
0.000154
0.000157
0.000172
0.000224
0.000399
0.000609
0.001270
0.000801
0.000380
0.000208
0.000166
0.000156
0.000153
0.000153
0.000153
0.000153
0.000153
0.000153
0.000155
0.000163
0.000190
0.000281
0.000367
0.002036
0.001209
0.000514
0.000241
0.000174
0.000158
0.000154
0.000153
0.000152
0.000152
0.000152
0.000152
0.000152
0.000152
0.000152
0.000152
0.000152
0.000152
0.000152
0.000152
0.000152
0.000153
0.000153
0.000156
0.000168
0.000212
0.000358
0.000523
0.003775
0.002136
0.000820
0.000317
0.000193
0.000162
0.000155
0.000153
0.000152
0.000152
0.000152
0.000152
0.000152
0.000152
0.000152
0.000152
0.000152
0.000152
0.000152
0.000152
0.000152
0.000152
0.000152
0.000152
0.000152
0.000152
0.000152
0.000152
0.000152
0.000152
0.000152
0.000152
0.000152
0.000152
0.000152
0.000152
0.000152
0.000152
0.000152
0.000152
0.000152
0.000152
0.000152
0.000152
0.000152
0.000152
0.000153
0.000154
0.000160
0.000182
0.000263
0.000531
0.000879
0.001827
0.001097
0.000477
0.000232
0.000172
0.000157
0.000154
0.000153
0.000152
0.000152
0.000152
0.000152
0.000152
0.000152
0.000152
0.000152
0.000152
0.000152
0.000153
0.000153
0.000156
0.000167
0.000206
0.000337
0.000480
0.001131
0.000727
0.000355
0.000202
0.000165
0.000156
0.000153
0.000153
0.000153
0.000153
0.000155
0.000162
0.000186
0.000267
0.000338
0.001159
0.000745
0.000363
0.000206
0.000168
0.000158
0.000156
0.000155
0.000155
0.000156
0.000157
0.000164
0.000190
0.000275
0.000349
0.000077
0.000077
0.000077
0.000077
0.000077
0.000077
0.000077
0.000077
0.000077
0.000077
0.000077
0.000077
0.000077
0.000077
0.000077
0.000112
0.000111
0.000112
0.000111
0.000112
0.000062
0.000062
0.000062
0.000062
0.000062
0.000062
0.000062
0.000062
0.000062
0.000062
0.000062
0.000062
0.000062
0.000062
0.000062
0.001420
0.000687
0.000354
0.000250
0.000227
0.000221
0.000220
0.000220
0.000220
0.000220
0.000221
0.000230
0.000275
0.000454
0.001095
0.000114
0.000114
0.000114
0.000114
0.000114
0.000114
0.000103
0.000103
0.000103
0.000112
0.000097
0.000097
0.000093
0.000093
0.000068
0.000068
0.000068
0.000077
0.000077
0.000077
0.000087
0.000087
0.000087
0.000801
0.000085
0.000085
0.000111
0.000071
0.000071
0.000071
0.000139
0.000139
0.000076
0.000076
0.000076
0.000114
0.000114
0.000593
0.000593
0.000593
0.000593
0.000677
0.000618
0.000410
0.001464
0.000276
0.000276
0.000162
0.000078
0.000078
0.000078
0.000078
0.000086
0.000086
0.000078
0.000078
0.001021
0.000116
0.000418
0.000116
0.000065
0.000065
0.000065
0.000065
0.000065
0.000065
0.000065
0.000065
0.000077
0.000077
0.000077
0.000323
0.000157
0.000096
0.000075
0.000075
0.000075
0.000075
0.000078
0.000071
0.000079
0.000084
0.000081
0.000078
0.000078
0.000263
0.000078
0.000078
0.000078
0.000078
0.000165
0.000112
0.000112
0.000112
0.000103
0.000103
0.000103
0.000126
0.000151
0.000079
0.000084
0.000109
0.000075
0.000075
0.000083
0.000083
0.000075
0.000075
0.000075
0.000109
0.000109
0.001159
0.000745
0.000363
0.000206
0.000168
0.000158
0.000156
0.000155
0.000155
0.000156
0.000157
0.000164
0.000190
0.000275
0.000349
0.000077
0.000077
0.000077
0.000077
0.000077
0.000077
0.000077
0.000077
0.000077
0.000077
0.000077
0.000077
0.000077
0.000077
0.000077
0.000059
0.000059
0.000059
0.000059
0.000059
0.000059
0.000059
0.000059
0.000059
0.000059
0.000059
0.000059
0.000059
0.000059
0.000059
0.000059
0.000059
0.000059
0.000059
0.000059
0.000059
0.000059
0.000059
0.000059
0.000059
0.000059
0.000059
0.000059
0.000059
0.000059
0.000059
0.000059
0.000059
0.000059
0.000059
0.000059
0.000059
0.000059
0.000059
0.000059
0.000059
0.000059
0.000059
0.000059
0.000059
0.000059
0.000059
0.000059
0.000059
0.000059
0.000059
0.000059
0.000059
0.000059
0.000059
0.000059
0.000059
0.000059
0.000059
0.000059
0.000059
0.000059
0.000059
0.000059
0.000059
0.000059
0.000059
0.000059
0.000059
0.000059
0.000059
0.000059
0.000059
0.000059
0.000059
0.000059
0.000059
0.000059
0.000059
0.000059
0.000059
0.000059
0.000059
0.000059
0.000059
0.000059
0.000059
0.000059
0.000059
0.000059
0.000059
0.000059
0.000059
0.000059
0.000059
0.000059
0.000059
0.000059
0.000059
0.000059
0.000059
0.000059
0.000059
0.000059
0.000059
0.000059
0.000059
0.000059
0.000059
0.000059
0.000059
0.000059
0.000059
0.000059
0.000059
0.000059
0.000059
0.000059
0.000059
0.000059
0.000059
0.000059
0.000059
0.000059
0.000059
0.000059
0.000059
0.000059
0.000059
0.000059
0.000059
0.000059
0.000059
0.000059
0.000059
0.000059
0.000059
0.000059
0.000059
0.000059
0.000059
0.000059
0.000059
0.000059
0.000059
0.000059
0.000059
0.000059
0.000059
0.000059
0.000059
0.000059
0.000059
0.000059
0.000059
0.000059
0.000059
0.000059
0.000059
0.000059
0.000059
0.000059
0.000059
0.000059
0.000059
0.000059
0.000059
0.000059
0.000059
0.000059
0.000059
0.000059
0.000059
0.000059
0.000059
0.000059
0.000059
0.000059
0.000059
0.000059
0.000059
0.000059
0.000059
0.000059
0.000059
0.000059
0.000059
0.000059
0.000059
0.000059
0.000059
0.000059
0.000059
0.000059
0.000059
0.000059
0.000059
0.000059
0.000059
0.000059
0.000059
0.000059
0.000059
0.000059
0.000059
0.000059
0.000059
0.000059
0.000059
0.000059
0.000059
0.000059
0.000059
0.000059
0.000059
0.000059
0.000059
0.000059
0.000059
0.000059
0.000059
0.000059
0.000059
0.000059
0.000059
0.000059
0.000059
0.000059
0.000059
0.000059
0.000059
0.000059
0.001159
0.000745
0.000363
0.000206
0.000168
0.000158
0.000156
0.000155
0.000155
0.000156
0.000157
0.000164
0.000190
0.000275
0.000349
0.000077
0.000077
0.000077
0.000077
0.000077
0.000077
0.000077
0.000077
0.000077
0.000077
0.000077
0.000077
0.000077
0.000077
0.000077
0.000084
0.000084
0.000067
0.000152
0.000098
0.000346
0.000346
0.000116
0.000486
0.000122
0.000313
0.000236
0.000236
0.000336
0.000236
0.000236
0.000236
0.000293
0.000293
0.000196
0.000182
0.000182
0.000182
0.000182
0.000182
0.000182
0.000182
0.000195
0.000195
0.000099
0.000068
0.000068
0.000068
0.000081
0.000068
0.000068
0.000068
0.000068
0.000068
0.000068
0.000068
0.000081
0.000068
0.000076
0.000068
0.000076
0.000068
0.000081
0.000068
0.000068
0.000068
0.000081
0.000198
0.000062
0.000062
0.000062
0.000062
0.000062
0.000062
0.000062
0.000155
0.000062
0.000400
0.000062
0.000062
0.000062
0.000062
0.000062
0.000062
0.000062
0.000062
0.000062
0.000062
0.000062
0.000062
0.000062
0.000062
0.000063
0.000114
0.000063
0.000063
0.000063
0.000063
0.000063
0.000063
0.000063
0.000063
0.000063
0.000063
0.000063
0.000063
0.000063
0.000063
0.000063
0.000063
0.000063
0.000063
0.000063
0.000061
0.000063
0.000063
0.000063
0.000063
0.000063
0.000061
0.000188
0.000099
0.000095
0.000095
0.000095
0.000095
0.000095
0.000095
0.000095
0.000095
0.000435
0.000435
0.000435
0.000435
0.000435
0.000435
0.000115
0.000110
0.000191
0.000225
0.000065
0.000065
0.000065
0.000065
0.000065
0.000065
0.000065
0.000067
0.000122
0.000067
0.000067
0.000226
0.000084
0.000096
0.000110
0.000742
0.000398
0.000110
0.000060
0.000060
0.000060
0.000060
0.000060
0.000060
0.000060
0.000060
0.000060
0.000060
0.000067
0.000067
0.000067
0.000067
0.000067
0.000067
0.000217
0.000068
0.000112
0.000112
0.000063
0.000063
0.000063
0.000063
0.000063
0.000063
0.000063
0.000063
0.000063
0.000063
0.000063
0.000063
0.000063
0.000063
0.000249
0.000071
0.000071
0.000071
0.000070
0.000070
0.000070
0.000070
0.000070
0.000089
0.000089
0.000100
0.000649
0.000649
0.000069
0.000069
0.000069
0.000069
0.000069
0.000069
0.000058
